name: x
channels:
  - conda-forge
dependencies:
  - bzip2=1.0.8=h0ad9c76_9
  - ca-certificates=2026.2.25=h4c7d964_0
  - filelock=3.25.2=pyhd8ed1ab_0
  - fmt=12.1.0=h7f4e812_0
  - fsspec=2026.2.0=pyhd8ed1ab_0
  - jinja2=3.1.6=pyhcf101f3_1
  - libabseil=20260107.1=cxx17_h0eb2380_0
  - libblas=3.11.0=5_hf2e6a31_mkl
  - libcblas=3.11.0=5_h2a3cdd5_mkl
  - libexpat=2.7.4=hac47afa_0
  - libffi=3.5.2=h3d046cb_0
  - libhwloc=2.12.2=default_h4379cf1_1000
  - libiconv=1.18=hc1393d2_2
  - liblapack=3.11.0=5_hf9ab0e9_mkl
  - liblzma=5.8.2=hfd05255_0
  - libprotobuf=6.33.5=h61fc761_0
  - libsqlite=3.52.0=hf5d6505_0
  - libtorch=2.10.0=cpu_mkl_he609700_103
  - libuv=1.51.0=hfd05255_1
  - libwinpthread=12.0.0.r4.gg4f2fc60ca=h57928b3_10
  - libxml2=2.15.2=h5d26750_0
  - libxml2-16=2.15.2=h692994f_0
  - libzlib=1.3.1=h2466b09_2
  - llvm-openmp=22.1.0=h4fa8253_0
  - markupsafe=3.0.3=py311h3f79411_1
  - mkl=2025.3.0=hac47afa_455
  - mpmath=1.3.0=pyhd8ed1ab_1
  - networkx=3.6.1=pyhcf101f3_0
  - numpy=2.4.3=py311h65cb7f3_0
  - openssl=3.6.1=hf411b9b_1
  - optree=0.19.0=py311h3fd045d_0
  - packaging=26.0=pyhcf101f3_0
  - pip=26.0.1=pyh8b19718_0
  - pybind11=3.0.1=pyh7a1b43c_0
  - pybind11-abi=11=hc364b38_1
  - pybind11-global=3.0.1=pyh5e4992e_0
  - python=3.11.15=h0159041_0_cpython
  - python_abi=3.11=8_cp311
  - pytorch=2.10.0=cpu_mkl_py311_hd35562e_103
  - setuptools=82.0.1=pyh332efcf_0
  - sleef=3.9.0=h67fd636_0
  - sympy=1.14.0=pyh04b8f61_6
  - tbb=2022.3.0=h3155e25_2
  - tk=8.6.13=h6ed50ae_3
  - typing-extensions=4.15.0=h396c80c_0
  - typing_extensions=4.15.0=pyhcf101f3_0
  - tzdata=2025c=hc9c84f9_1
  - ucrt=10.0.26100.0=h57928b3_0
  - vc=14.3=h41ae7f8_34
  - vc14_runtime=14.44.35208=h818238b_34
  - vcomp14=14.44.35208=h818238b_34
  - wheel=0.46.3=pyhd8ed1ab_0
  - pip:
      - annotated-doc==0.0.4
      - annotated-types==0.7.0
      - anyio==4.12.1
      - attrs==26.1.0
      - certifi==2026.2.25
      - charset-normalizer==3.4.6
      - click==8.3.1
      - colorama==0.4.6
      - darkdetect==0.8.0
      - distro==1.9.0
      - flatbuffers==25.12.19
      - h11==0.16.0
      - hf-xet==1.4.2
      - httpcore==1.0.9
      - httpx==0.28.1
      - huggingface-hub==1.7.2
      - idna==3.11
      - importlib-metadata==9.0.0
      - jiter==0.13.0
      - json-repair==0.58.6
      - jsonlines==4.0.0
      - lapx==0.9.4
      - markdown==3.10.2
      - markdown-it-py==4.0.0
      - mdurl==0.1.2
      - ml-dtypes==0.5.4
      - natsort==8.4.0
      - onnx==1.20.1
      - onnxruntime==1.24.4
      - openai==2.29.0
      - opencv-contrib-python-headless==4.13.0.92
      - opencv-python==4.13.0.92
      - pillow==12.1.1
      - protobuf==7.34.0
      - psutil==7.2.2
      - pyclipper==1.4.0
      - pydantic==2.12.5
      - pydantic-core==2.41.5
      - pygments==2.19.2
      - pyqt6==6.10.2
      - pyqt6-qt6==6.10.2
      - pyqt6-sip==13.11.1
      - pyqt6-webengine==6.10.0
      - pyqt6-webengine-qt6==6.10.2
      - pyyaml==6.0.3
      - qimage2ndarray==1.10.0
      - requests==2.32.5
      - rich==14.3.3
      - scipy==1.17.1
      - shapely==2.1.2
      - shellingham==1.5.4
      - six==1.17.0
      - sniffio==1.3.1
      - termcolor==3.3.0
      - tokenizers==0.22.2
      - torchvision==0.25.0
      - tqdm==4.67.3
      - typer==0.24.1
      - typing-inspection==0.4.2
      - urllib3==2.6.3
      - uv==0.10.12
      - x-anylabeling-cvhub==4.0.0b2
      - zipp==3.23.0
prefix: C:\Users\30470\miniforge3\envs\x
